C -10 4 8 -7    
C 4 6 -6 0    
C 8 10 -2 -6    
C 0 -10 -7 9    
C 1 10 10 -3    
C 5 4 6 -1    
C 3 -10 5 -4    
C 9 4 -2 4    
C 2 1 -5 -2    
C 7 6 -5 -7    
C 6 -2 3 -10    
C 2 -2 -9 10    
C -5 9 10 3    
C 10 -1 8 6    
C -1 3 -1 1    
C 2 1 5 -7    
C 9 5 2 -3    
C -7 -3 -6 -9    
C -10 6 -5 4    
C 9 -5 3 5    
C 4 -4 7 9    
C -5 2 -3 -6    
C 8 -1 -3 -9    
C 1 -6 10 8    
C 0 -8 5 8    
R -1 10 18 12 16 31 -3 29
R -5 1 -5 21 -25 21 -25 1
R -2 -1 4 8 -5 14 -11 5
R 9 8 -1 18 -11 8 -1 -2
R 3 5 15 15 5 27 -7 17
R -2 2 -5 10 -13 7 -10 -1
R 7 6 -5 -4 5 -16 17 -6
R 6 -3 25 -15 37 4 18 16
R -8 8 -26 27 -45 9 -27 -10
R -7 -9 -9 1 -19 -1 -17 -11
R 4 4 1 -9 14 -12 17 1
R -5 3 -12 -1 -8 -8 -1 -4
R 9 3 -6 22 -25 7 -10 -12
R -3 -9 8 5 -6 16 -17 2
R 3 -10 -2 4 -16 -1 -11 -15
R 8 1 11 16 -4 19 -7 4
R -3 5 1 8 -2 12 -6 9
R 5 6 -10 12 -16 -3 -1 -9
R -7 -8 11 10 -7 28 -25 10
R 10 -1 27 -17 43 0 26 16
R 2 3 -8 0 -5 -10 5 -7
R 7 -2 13 -17 28 -11 22 4
R -7 0 -7 -20 13 -20 13 0
R -5 1 -19 -14 -4 -28 10 -13
R -2 6 -7 10 -11 5 -6 1
S -4 -10 -7 -13 -4 -16 -1 -13
S 0 -3 18 15 0 33 -18 15
S 0 1 -1 0 0 -1 1 0
S 7 -3 9 -1 7 1 5 -1
S 9 7 19 17 9 27 -1 17
S -10 -2 8 16 -10 34 -28 16
S 4 -4 -12 -20 4 -36 20 -20
S 7 10 20 23 7 36 -6 23
S -6 -7 3 2 -6 11 -15 2
S -5 -2 -3 0 -5 2 -7 0
S 10 10 30 30 10 50 -10 30
S -1 6 -20 -13 -1 -32 18 -13
S -1 4 -20 -15 -1 -34 18 -15
S -10 3 -18 -5 -10 -13 -2 -5
S -7 -6 -21 -20 -7 -34 7 -20
S -5 7 -5 7 -5 7 -5 7
S -6 -6 13 13 -6 32 -25 13
S 0 0 -17 -17 0 -34 17 -17
S 10 -5 4 -11 10 -17 16 -11
S -7 1 3 11 -7 21 -17 11
S 8 -7 -2 -17 8 -27 18 -17
S -8 0 -20 -12 -8 -24 4 -12
S 1 -7 18 10 1 27 -16 10
S 6 0 26 20 6 40 -14 20
S 8 3 6 1 8 -1 10 1
